Example entries from the first few vectors:
Vector 0 first 5 entries:
  V[0][0] = 0.40284 + i0.35440
  V[1][0] = 0.12016 + i0.86132
  V[2][0] = 0.89039 + i0.12198
  V[3][0] = 0.65904 + i0.63268
  V[4][0] = 0.84491 + i0.67807

Vector 1 first 5 entries:
  V[0][1] = 0.20820 + i0.02649
  V[1][1] = 0.07515 + i0.81405
  V[2][1] = 0.03936 + i0.22146
  V[3][1] = 0.97617 + i0.47967
  V[4][1] = 0.37161 + i0.03510

